17  43.88
04  50.48
20  129.77
13  73.60
08  61.21
09  146.65
15  30.99
09  -7.56
23  3.33
09  -30.06
09  -95.97
04  -36.78
04  -98.25
16  134.98
03  15.25
04  31.68
01  81.84
21  121.87
15  19.54
03  -84.76
12  -0.43
09  -4.53
05  103.71
07  -41.18
19  -56.29
20  64.69
18  -17.57
03  9.50
20  128.42
19  -47.63
04  52.88
09  40.67
22  74.72
14  6.58
10  99.51
06  -13.83
02  101.83
06  88.65
01  -47.06
08  15.00
21  -74.31
19  -10.54
14  11.42
08  128.88
00  -68.14
10  -27.29
15  -81.55
05  105.18
19  -1.93
01  117.78
