1.97500000e+02       1.77500000e+02       4.06300000e+02       2.04800000e-02      
4.36300000e-02       1.15000000e-01       5.35700000e+00       3.66700000e+01      
9.91800000e+02       3.02800000e+01       2.99600000e+02       7.13700000e-02      
2.48600000e-01       9.77800000e+02       1.13900000e-02       8.14000000e-03      
8.25300000e+00       1.09900000e-02       9.76400000e+03       4.98100000e-02      
4.98100000e-02       8.79000000e+03       5.03800000e-01       3.90000000e+00      
2.82000000e-03       6.41000000e+03       4.56500000e-01       5.37100000e+02      
4.62400000e+00       2.76300000e+01       3.18200000e+00       3.90700000e+03      
6.89300000e+03       2.27900000e-01       3.45100000e-01       6.81800000e-02      
7.20200000e+00       8.89500000e+01       1.71300000e+03       2.78200000e+02      
8.32800000e+02       3.21300000e-02       4.23000000e+02       3.65800000e+03      
9.31000000e-03       3.64800000e-02       4.54900000e-01       6.30800000e+01      
1.80300000e+02       2.31100000e+01       7.89100000e-02       2.20100000e+00      
8.60000000e+02       6.45500000e-01       1.53100000e-01       2.22600000e+02      
4.21500000e-01       7.88900000e-02       7.41500000e+01       3.70300000e+01      
7.73000000e+00       4.01000000e+02       1.05600000e-01       5.11300000e-01      
1.18400000e+01       9.81900000e-01       1.11000000e-02       6.62000000e-03      
1.08400000e-02       3.64700000e+03       1.83800000e+00       1.32400000e-02      
2.14800000e+03       9.14200000e+03       5.08200000e-01       5.65000000e-02      
1.22100000e+03       8.31500000e+01       8.93700000e+03       1.27300000e+03      
3.67500000e-01       6.08600000e+02       8.54300000e+01       6.56400000e+02      
3.51400000e-02       9.70300000e+00       3.70000000e-01       5.96000000e+00      
5.94900000e-01       2.05000000e+00       5.48200000e+01       6.57200000e-01      
4.88300000e-01       1.48200000e+00       4.50800000e+00       3.92600000e+01      
6.79500000e+00       2.04700000e+00       6.31100000e+02       1.54100000e+00      
9.50700000e+03       1.21700000e+02       8.76000000e+01       8.30000000e-02      
5.52900000e+02       5.80000000e+01       5.92300000e-02       9.83500000e+01      
4.54100000e+02       9.78600000e+02       2.34300000e-01       3.23700000e+02      
8.85600000e+02       4.23200000e+02       8.33100000e+01       6.82200000e+00      
5.75300000e+01       9.52700000e+03       5.07900000e-01       5.43700000e-02      
4.94600000e+03       4.47400000e+00       4.86400000e-01       2.44400000e-02      
9.73100000e+02       4.10000000e+01       6.43000000e+02       9.14800000e-01      
4.53000000e-03       3.04900000e+03       5.88800000e-02       1.45700000e-01      
2.46500000e+03       8.83500000e+01       3.65600000e+01       2.20800000e+01      
7.43400000e+00       5.04800000e-02       8.23200000e-02       4.57200000e+02      
7.87800000e+01       9.80200000e+00       3.61000000e+02       4.76900000e+01      
3.86700000e+01       3.38600000e+02       9.62200000e-02       8.10500000e-01      
2.59200000e-02       5.94000000e+01       1.26700000e+03       2.22000000e+01      
1.26000000e+03       7.02000000e-02       2.84500000e+02       6.70900000e+02      
1.43400000e+03       9.26000000e+01       8.02400000e-01       3.01400000e-01      
6.44400000e+01       8.68700000e+00       2.92400000e+03       2.63400000e+00      
8.57900000e-01       5.59300000e+01       4.46600000e+00       8.60800000e-02      
2.43000000e+01       2.78200000e+01       5.01000000e-01       8.71500000e+00      
2.80000000e-02       2.50700000e+03       3.15200000e+01       3.88800000e+00      
7.19800000e+00       2.46800000e+02       1.12900000e-02       3.79600000e+02      
3.04600000e+02       3.99700000e+01       9.74500000e-01       8.28500000e-02      
5.03400000e+03       1.58200000e+02       6.31900000e-01       8.87200000e-02      
9.68900000e+02       5.90800000e+03       2.98900000e+00       5.77300000e-02      
8.39600000e-02       9.43300000e+02       6.17900000e-02       4.15900000e+00      
5.08300000e+02       3.10500000e+02       3.18500000e-02       7.83500000e+00      
5.25100000e-01       3.11800000e+03       3.17800000e+03       9.98000000e-02      
3.08500000e-02       2.12000000e+01       2.75300000e+00       6.84200000e-01      
2.12400000e+03       7.91100000e+03       3.07400000e+03       2.75700000e+03      
1.17200000e+01       8.07500000e-02       8.05200000e+02       1.41000000e-01      
8.52000000e+01       9.47500000e+02       1.56200000e-01       6.09400000e+01      
2.82000000e-02       5.90300000e-01       2.86700000e+03       1.84300000e+02      
9.10000000e+01       8.21200000e-02       4.97000000e-02       8.60600000e-02      
1.99200000e+00       9.18300000e+02       8.76800000e+00       3.22200000e-02      
6.81000000e-03       7.26600000e+01       8.77600000e-02       3.83300000e+03      
5.27400000e+02       3.74100000e-01       3.12100000e-02       5.23500000e+03      
8.88300000e+00       6.91200000e+03       4.89300000e+02       3.36100000e+01      
1.79700000e+01       3.39700000e+02       8.36000000e+02       8.64600000e+02      
7.23600000e+02       8.65200000e-01       8.98900000e+01       7.51000000e-02      
5.80000000e+00       3.66200000e-01       5.54500000e-01       2.80200000e+00      
1.86100000e-02       8.03000000e-02       5.75100000e+02       2.13900000e+01      
2.48200000e-02       1.02000000e+02       4.08300000e+02       8.17900000e+03      
6.59400000e+02       3.97600000e+02       7.50600000e+02       7.07900000e+03      
9.19300000e+01       6.92700000e+00       8.17700000e+02       3.95900000e+01      
5.35300000e+01       1.09000000e-02       7.84700000e+01       9.47400000e+03      
3.39000000e+01       4.75200000e+01       4.60000000e+00       3.63100000e-02      
9.05200000e-02       8.41000000e+03       2.68400000e+00       1.05400000e-02      
3.97200000e+02       3.17800000e-02       5.14400000e+02       6.39600000e+02      
1.20000000e+02       5.41900000e+01       6.89600000e-01       8.36600000e+00      
3.46800000e-02       8.85900000e+03       1.22700000e-01       4.52900000e+01      
1.90000000e-01       8.74400000e-01       7.14000000e-01       5.77500000e+03      
4.25700000e-01       7.45400000e+02       6.82900000e+01       9.50600000e+00      
5.04500000e-02       4.22300000e-02       7.41600000e+00       3.84800000e-01      
9.89900000e+00       2.42300000e+02       4.65000000e+00       1.97400000e-02      
8.67900000e-02       7.18300000e-02       7.57500000e+03       1.18700000e-01      
7.05600000e-01       8.48300000e+03       9.93600000e+01       1.30700000e+03      
1.52400000e+00       5.59000000e+00       9.66600000e+03       2.15100000e+00      
4.17000000e+01       3.18800000e+01       3.57100000e-01       8.72900000e+01      
8.62900000e+01       5.46700000e-02       3.91400000e+02       4.16700000e+03      
6.14100000e+03       8.20800000e+03       3.16900000e+02       3.35600000e-02      
8.25200000e+01       4.96000000e+01       3.48500000e+01       9.19300000e+00      
4.29000000e+02       2.85500000e-02       6.63800000e+03       6.89700000e-01      
3.45200000e+01       6.43700000e-02       4.52700000e-01       2.75700000e+00      
6.58700000e-02       2.79000000e+00       1.79000000e+02       8.67500000e-02      
8.01500000e+00       4.30100000e+01       3.50100000e+03       8.18100000e-02      
6.03400000e-01       5.76300000e+03       4.21800000e-01       6.52400000e+00      
8.31800000e-02       2.42400000e+02       3.18900000e-01       7.51800000e-02      
2.93500000e+03       3.09400000e-02       8.51400000e+01       5.85200000e+01      
6.50900000e+02       9.82400000e-02       6.20000000e+00       6.09100000e+00      
5.45800000e-01       5.06600000e-01       3.29000000e+01       7.85900000e+01      
4.56600000e-01       2.04100000e-02       6.41000000e+01       7.32700000e+01      
2.77000000e+02       2.71000000e+00       3.43400000e-02       2.15700000e+01      
2.13200000e+02       3.27800000e+03       9.45800000e+01       5.57300000e+00      
2.30500000e+01       8.20600000e+03       7.07800000e+00       4.74900000e+02      
5.66600000e+00       4.07200000e+02       4.16700000e+03       6.74700000e-02      
6.51800000e+01       5.18000000e-01       1.79700000e+00       4.18700000e+01      
7.32000000e+02       9.61400000e+02       1.86000000e+00       6.73200000e+02      
4.63000000e-03       6.45200000e+01       8.65400000e+01       3.68000000e-03      
1.50100000e+03       6.13200000e+03       8.84500000e-01       5.30000000e+00      
1.86700000e+00       3.01600000e+03       4.30000000e+00       1.01300000e+03      
7.20200000e+00       2.76400000e-01       8.00400000e+01       2.57800000e-01      
9.25500000e+01       9.41000000e-01       7.86500000e+01       6.56600000e-01      
8.71900000e-01       8.12100000e+01       9.69300000e+02       3.75600000e+02      
3.74400000e+02       9.59300000e+02       1.62200000e-01       7.40800000e-02      
2.40200000e+03       3.36600000e+02       5.45600000e+01       7.74400000e-01      
5.78300000e+03       7.54900000e-02       5.77200000e-01       9.92000000e-02      
4.54000000e+01       4.00900000e-01       9.43800000e+00       7.63500000e+02      
7.90800000e-02       1.83600000e-01       6.33800000e+00       9.97900000e+02      
5.55200000e+03       6.04500000e-01       6.83800000e+03       7.48300000e+01      
3.01000000e+01       5.13300000e+02       2.07600000e-02       6.39600000e+00      
8.52400000e-01       4.87800000e-02       1.18600000e+00       1.74600000e-02      
6.75200000e+03       8.26600000e-01       9.95000000e+00       9.34700000e+00      
3.15400000e+00       9.60300000e+01       5.24500000e+01       4.37800000e+02      
3.96400000e+03       3.28700000e+03       7.46200000e-01       6.46500000e+02      
7.10800000e+02       7.53800000e+03       8.78700000e-01       5.65400000e+01      
3.25500000e+02       6.44200000e-02       4.29800000e+01       5.12800000e+00      
8.15500000e-02       5.46600000e+02       4.12900000e+03       5.13900000e+02      
9.73700000e-01       4.67900000e-02       1.53000000e+00       2.56100000e+03      
4.22300000e+01       6.87000000e-03       8.52400000e+02       6.49600000e+02      
1.56700000e+03       9.28200000e+02       2.61000000e+00       9.91000000e-01      
4.97200000e-02       5.01300000e+00       1.95600000e-02       9.35600000e+00      
7.20000000e-01       5.95200000e+01       4.78100000e+01       7.68100000e+02      
6.50500000e-02       5.99000000e+01       4.38200000e-01       6.42200000e-01      
7.86400000e+02       9.18900000e+00       2.46200000e-02       2.41800000e-02      
4.85400000e-01       6.05500000e+02       6.90600000e+01       7.23800000e+03      
1.40000000e-03       5.47100000e+00       8.16400000e+02       2.27800000e+00      
2.66800000e-01       7.55500000e+00       3.06800000e+02       6.83000000e+02      
1.32100000e+03       7.21100000e+00       9.01700000e+03       1.93400000e+00      
8.94500000e+03       2.44000000e-01       4.19800000e+03       8.09600000e+01      
9.08700000e-02       2.83800000e-01       4.93600000e+01       9.15900000e+02      
1.02500000e+03       1.26200000e-01       1.79100000e+03       7.28000000e+01      
3.69600000e+00       1.20500000e+03       9.79500000e+02       9.72000000e+02      
6.74800000e-02       7.94100000e-02       3.90400000e+02       7.58700000e+01      
8.89500000e+00       7.76100000e+01       2.43900000e+02       2.31000000e+02      
5.07200000e-02       1.74300000e+01       7.82200000e+01       8.81500000e+03      
1.45000000e+02       2.84000000e+03       3.61500000e+02       7.80000000e-01      
2.01400000e+03       6.57900000e-02       8.23400000e-01       4.82800000e+03      
9.25200000e+02       3.37800000e-02       2.60200000e-02       1.25800000e-01      
8.60900000e+00       7.61100000e-02       8.26400000e+03       8.24100000e-01      
1.21400000e-01       7.41000000e+03       6.11000000e+01       3.87400000e+00      
5.93600000e-01       8.52500000e+01       1.19700000e+03       2.96900000e+03      
9.05300000e+01       2.34300000e+03       4.74700000e-01       1.53700000e-01      
1.29300000e-02       8.23300000e+00       5.18000000e+01       1.60100000e+02      
3.71000000e+01       8.83500000e+02       2.29200000e+02       2.98300000e+00      
1.54500000e-01       3.58900000e+02       2.32000000e-03       8.34400000e+01      
8.14400000e+02       1.45100000e+03       1.46000000e+00       3.60700000e+00      
6.98300000e-01       6.39400000e-02       1.27200000e-01       5.73900000e+00      
8.09900000e-02       2.71600000e-01       7.28700000e+02       4.54600000e+01      
8.76400000e-02       8.85900000e-02       7.29100000e+01       8.65300000e+01      
3.28400000e+02       3.67000000e-03       7.05400000e-01       5.57600000e+03      
6.43000000e+00       9.78400000e+00       3.88900000e-01       8.04000000e+02      
2.00800000e-02       5.01800000e+01       9.96800000e+00       7.52000000e+02      
3.28100000e+00       7.95200000e+01       2.70000000e-01       4.74700000e+03      
3.82300000e+02       8.28200000e-01       8.30500000e+02       5.51000000e+00      
6.57600000e+01       2.09700000e+00       5.09000000e+00       6.21500000e-02      
7.18300000e+02       5.43300000e+03       4.09800000e-01       3.34900000e+00      
4.26300000e-01       2.63200000e+03       1.92200000e-02       7.94000000e+00      
6.57600000e-01       5.81200000e-02       6.76300000e+00       5.41400000e+03      
7.39000000e-03       6.43600000e-01       2.15100000e+01       7.86600000e+03      
8.36000000e+03       2.44000000e-01       2.54000000e+01       3.02100000e+01      
6.13000000e+01       7.64000000e-01       4.22200000e+01       9.33700000e-02      
1.53200000e-02       2.01900000e+02       3.59200000e+01       4.53800000e-02      
7.11000000e-03       4.95100000e+01       5.61100000e-01       1.65300000e+01      
4.49400000e+02       2.31500000e+00       7.95400000e+00       8.36900000e-01      
3.76400000e-01       2.70200000e+03       4.00000000e-02       9.88700000e+01      
1.09000000e-01       7.39000000e-01       9.69000000e+01       3.83000000e-01      
9.98800000e-02       8.25900000e-02       7.85000000e+02       3.87600000e-01      
9.64800000e+01       3.48200000e-02       2.07000000e+02       7.07700000e-01      
9.88000000e-03       3.60900000e+00       2.65000000e-01       2.85700000e+02      
4.19400000e+03       9.75600000e-01       7.96500000e+02       8.26000000e-01      
3.61200000e+00       7.06900000e-02       8.59700000e+01       4.84400000e+00      
2.44200000e+03       3.89200000e+01       4.90000000e+00       7.82300000e+02      
6.11200000e-01       4.53600000e-02       8.43100000e+01       8.15000000e+03      
5.25800000e-01       7.17100000e-02       2.53900000e+01       4.96300000e+03      
7.77900000e+00       1.56300000e+03       1.38100000e-01       6.62000000e+01      
8.50100000e+03       7.27400000e+01       5.83100000e-01       1.86000000e-03      
9.82400000e+01       9.85900000e-02       7.59100000e-02       6.01500000e+02      
7.07500000e+01       5.42200000e+02       6.45000000e-01       1.58200000e-01      
7.94900000e+01       9.56700000e+00       5.16300000e+03       8.99200000e+02      
9.69500000e+03       1.82600000e-02       8.34400000e+00       8.13000000e+01      
4.00200000e+00       5.51100000e-01       5.72000000e+02       7.83200000e-01      
8.33800000e+03       9.72000000e-02       4.82600000e-01       9.81000000e+02      
8.75000000e-03       5.15200000e-01       9.64700000e-02       7.89500000e+03      
9.27700000e+02       2.90000000e+02       6.22000000e-02       5.76900000e+00      
4.92000000e+01       4.15700000e+00       2.33500000e-02       7.33800000e-01      
4.15000000e+02       1.40500000e-02       5.34100000e-01       9.60500000e+03      
6.41200000e-01       5.69400000e+01       4.70000000e+03       9.35700000e+03      
3.85100000e-02       9.07600000e+00       2.87800000e+00       4.89400000e+03      
8.69300000e-02       8.22400000e+01       7.77800000e-02       7.44400000e+02      
7.15800000e+02       1.49500000e+00       2.21900000e-02       5.54900000e+03      
9.36200000e+03       8.83400000e+03       9.79400000e-01       7.92300000e+01      
7.38000000e-01       5.28200000e+01       2.72500000e+00       9.69500000e+00      
5.81900000e-01       8.88000000e-03       2.73600000e+01       3.19400000e-01      
9.65000000e+00       1.87700000e+00       2.44000000e-02       9.73100000e+03      
9.62000000e-02       4.76700000e+01       8.93300000e+00       2.00600000e-02      
5.61700000e+00       1.68300000e-02       9.00000000e-03       4.97700000e+00      
8.01200000e-02       7.52400000e-02       7.45100000e+03       2.60200000e+01      
3.64800000e+03       5.46900000e-02       9.66300000e+02       1.45400000e+00      
3.09000000e+02       5.70500000e+00       5.88500000e+03       7.83200000e+02      
1.27500000e+03       1.93100000e+02       2.58400000e-02       6.28500000e+02      
6.41700000e+00       5.42700000e+02       5.62000000e-01       9.67000000e+03      
4.48600000e+02       7.87000000e-01       7.42600000e+00       3.94400000e+01      
8.82700000e+03       5.59500000e+00       1.28900000e+03       2.52000000e-01      
5.64100000e-02       4.07600000e+00       9.80200000e+03       3.06000000e+00      
3.49500000e-02       8.66800000e+02       8.83000000e-02       8.21000000e-01      
9.95000000e+01       3.67400000e+02       7.22600000e+02       2.28500000e-02      
6.27700000e-02       2.35700000e+01       1.50200000e+03       7.12400000e+02      
2.43300000e-02       7.82500000e+02       1.15000000e-01       3.29200000e+00      
4.40300000e+02       4.09900000e-02       6.12700000e-01       5.98800000e+01      
3.99400000e-02       3.24400000e+00       8.29500000e-02       8.48700000e-02      
8.09600000e+03       4.90400000e+01       2.54400000e-02       5.80600000e-02      
2.80700000e+00       3.75500000e+01       2.17000000e-02       5.69800000e+00      
7.65400000e+01       7.18700000e-01       3.96900000e+01       3.69200000e-01      
6.27500000e+01       2.68000000e+01       9.80200000e+01       3.97400000e-02      
8.28800000e-02       3.73100000e+02       8.23500000e-02       8.56200000e-02      
4.30400000e+00       3.55200000e+03       7.27900000e-01       9.45200000e+00      
5.95500000e-02       2.92000000e+02       4.45200000e-02       8.28900000e+00      
4.62300000e+03       6.95800000e-01       5.72100000e+02       9.11300000e-02      
4.42200000e+00       9.97700000e+03       5.64000000e+01       3.76300000e+02      
7.17600000e+00       2.53600000e+02       1.88300000e+03       2.01100000e+02      
2.21700000e+02       3.15000000e+03       9.44200000e-01       6.81700000e+03      
4.03000000e-03       6.79800000e+02       6.07000000e+01       7.89500000e+02      
2.83400000e+03       9.67900000e+03       1.60000000e+01       9.66000000e-02      
1.53200000e+00       4.04300000e+02       2.47100000e+02       1.00100000e-02      
7.43000000e+02       5.14600000e+00       7.22200000e-02       2.17100000e+01      
5.66700000e-02       4.80200000e+00       6.18400000e+03       4.75700000e-01      
8.94100000e+00       2.70100000e+03       1.00100000e-02       2.40400000e+01      
8.45400000e-01       6.33700000e-02       6.40800000e+01       5.70200000e+02      
5.08000000e-02       2.27000000e-02       7.66200000e+02       6.20600000e+00      
9.30700000e-02       6.47000000e+03       2.33800000e+03       3.84400000e-01      
9.66000000e+02       3.96800000e-01       8.21000000e+01       5.95300000e+03      
6.24500000e+01       8.24500000e-01       9.43800000e-02       3.54200000e+01      
2.23400000e+00       6.99200000e+01       1.03700000e+02       1.02700000e+01      
5.37300000e+00       2.48700000e+01       1.78900000e-02       1.70000000e-03      
9.64300000e-01       2.67000000e+00       7.48800000e-02       7.36000000e+01      
9.23600000e+03       8.84000000e+03       2.53300000e+03       3.82700000e+02      
7.03100000e-01       6.93900000e-01       1.55600000e+00       2.09400000e-02      
2.63900000e-01       1.21400000e+03       7.85600000e+01       4.84400000e+03      
7.42000000e-01       5.81500000e-01       4.13300000e-01       5.29900000e+03      
8.29800000e+03       5.01700000e-02       2.62400000e+01       9.49300000e-01      
4.79600000e-02       1.56600000e+01       6.01700000e-01       5.50500000e-02      
9.05800000e-02       1.75600000e+03       8.04700000e+01       2.73200000e+02      
4.24100000e-01       3.00900000e+00       1.07600000e+02       9.87800000e-02      
8.73000000e+03       2.46100000e+01       8.88200000e+03       6.08700000e+02      
6.03000000e-02       5.11900000e-01       9.02400000e+01       2.91400000e+02      
9.42400000e-02       6.90900000e-01       6.13200000e-02       1.09300000e+00      
